-140.58515320477622
-97.47432371465086
-116.63586006314252
-98.18611997745766
-107.2905289775331
-109.26954479810756
-160.65180947639837
-101.81661542388005
-162.4711849365749
-81.16656787397797
-125.68924374178414
-103.72392685462064
-109.19678477071297
-128.13760036269363
-75.94448619098817
-91.67474692237424
-90.90408670496657
-72.64927616708695
-81.33203453797468
-258.87841322508467
-83.97986124253435
-118.50710443299576
-94.68532823387788
-145.88157589287925
-103.07745864615897
-128.3170141349479
-146.40042568813573
-106.6273335756175
-70.65769408021761
-130.92336485734884
-117.9292753270872
-90.73193605650211
-182.66023619921154
-137.22905032649555
-112.22875015077955
-69.36516451867573
-123.54331904101524
-94.32969330131299
-35.73770141567183
-132.61461744639377
-139.3274050713975
-88.75514045788427
-98.72308831122031
-127.35162440435951
-106.59823161716902
-102.89994685522038
-110.92269279522971
-113.24323079044859
-108.09944610307186
-101.74236228018721
-75.4342008978956
-68.80487378206102
-89.07669565289149
-167.76991393810138
-76.68949448567659
-87.98028401202937
-84.76947707665921
-50.61508143521472
-119.46297508847836
-115.35206736156753
-59.76017315311889
-82.69552358572629
-102.14789400376905
-101.48295230643514
-92.30473056313372
-75.24979252431305
-79.8049907501712
-143.25674995730915
-95.89510103168767
-86.00858330320261
-48.937535567015885
-116.4315391198498
-129.93694375426924
-115.879771028167
-100.3063062314808
-210.1143342756564
-81.61734797493871
-110.62035301283284
-39.20409017610481
-154.80215584093676
-94.46873353443533
-103.93797670615724
-47.27647644298456
-60.58821100644627
-68.49886697627903
-63.8461370966298
-83.59334766817607
-46.668811254054816
-99.5872337932971
-87.2728041899472
-108.46406065934742
-83.45298972357158
-161.37616013315443
-85.39972221475779
-96.40688343740118
-58.719631019406755
-73.6959828243385
-135.77932843022046
-188.21194945000815
-189.75914694496768
-69.77396598167122
-102.44772265807785
-90.50844563693653
-48.560733868831235
-32.55027397232266
-38.548440546100444
-106.97514304353892
-67.46942662646863
-70.06649685830203
-124.5420530378799
-120.24134656209664
-68.42658484872692
-68.60345099130343
-59.903756749015294
-60.922852538323404
-151.52057989450915
-122.10786896599477
-45.34405837625453
-68.26182220577778
-114.31537379755937
-66.60089273794635
-104.53401186982694
-110.78060207296475
-129.6439742710217
-73.91778561028032
-54.392580674909375
-53.41101472753008
-78.98183156393979
-73.29908002746546
-72.4468512616896
-93.77978234143131
-59.22046294881407
-103.53167458688063
-40.742766276046936
-63.09180711028492
-118.43259003780315
-112.23795548177786
-94.64600868574148
-58.09945895837397
-66.71536312481928
-85.28331894456478
-77.60073496010692
-114.68249374743566
-56.965344548799195
-47.505932963693965
-90.79043314321633
-41.493564371222654
-128.68579280243023
-134.46305531866489
-71.42898807464559
-81.41272826366871
-69.88881776056407
-43.27473783180195
-94.7408518970456
-69.92698115748661
-142.2168720341764
-35.80820577924895
-69.91157307796107
-71.03231343864617
-96.71166200850698
-147.24361097016134
-112.90487708650268
-62.22376077258801
-44.239330684838905
-54.39496355957925
-89.62483083491118
-112.80118182535088
-82.93654820184196
-86.1335960844614
-102.03216569974164
-60.87382825129604
-70.41256733790736
-94.89004297454642
-113.16044938642368
-46.58329777524894
-96.86024607648044
-104.32285770353091
-56.894868850570184
-52.98653728919115
-68.4636906768163
-87.42680007871911
-70.21909466858742
-47.20633950932732
-53.98683475252846
-52.432628558649974
-75.76760743119226
-122.83533173272131
-87.12650676429578
-71.61602634076682
-126.10107839462417
-61.67395494580709
-33.63116352013214
-53.721579320143505
-97.41292504709622
-68.6439933659179
-83.14647390062537
-69.27920668084296
-82.33714578207862
-108.9265438655557
-48.28814145285474
-58.61935557653334
-90.53008958120567
-84.4376377799878
-59.30835958939385
-157.61288697926315
-76.44450652242817
-64.71190840284525
-66.30415741511307
-54.627120954528685
-67.92649182741708
-144.7945835483607
-47.18251515879113
-39.98696982545728
-74.05594736615859
-116.8441996846579
-120.65702907440325
-44.718612369966934
-78.069054925478
-35.43692339617564
-106.25778085474778
-70.8777970393107
-79.77146088823814
-71.32066100261214
-102.04417428096419
-114.04321099909791
-53.4142292187057
-48.227742543148956
-50.69445006661498
-74.29705465469603
-110.61572517174297
-117.06571369277073
-62.13651837860054
-69.8342128943571
-60.687986480239985
-78.75255932664857
-44.761064209421235
-75.91996821550543
-54.45840466067011
-32.17419620522856
-55.646630079071336
-111.2832474508708
-46.492162229702046
-99.95181309003081
-47.49046032602311
-59.90826955201979
-70.1820907740543
-49.20638462600867
-85.44350456293442
-100.20528168899871
-127.3831974688062
-61.606358567545875
-63.89191942747832
-53.74970465103229
-54.58197065207014
-71.93430253988265
-123.9848260576909
-136.35090450294868
-66.0096368202485
-82.13312610318802
-87.75503741768968
-33.48257614228316
-125.05907198371388
-77.29238527068779
-42.53855634756101
-103.63728291045823
-100.03918174419088
-81.64965953935867
-73.12946856087066
-106.6048716015521
-137.95732917460822
-53.39960616115356
-66.9534729155197
-72.7288924149057
-51.138132020326935
-106.41970410156758
-38.67094726278496
-66.82662371057259
-66.20705706487547
-24.636408191434494
-79.52423801211492
-57.362674257930856
-116.16228404061061
-57.531127516093036
-52.93349090005515
-96.97300294441095
-155.5410627280379
-94.84381437660639
-64.3548136519076
-81.83096788180308
-64.61722858672904
-80.00694811180932
-117.30426445818179
-70.39192328838126
-122.2229910378013
-58.094486340593804
-88.16577474259672
-59.115462930073136
-82.93998796210369
-71.73055387410481
-51.9918162154185
-57.121428494383984
-66.23134446733624
-112.86105678051064
-57.02810952229
-60.805605571710004
-76.22775070371564
-87.18689684531526
-40.78673418556925
-93.74707975870697
-54.54475534742119
-90.75429747090263
-91.10389162052489
-92.63928982914786
-58.95610357610192
-69.99795884253997
-80.9110148723975
-95.78991033529984
-77.2610275536054
-43.38035865156893
-29.0075909337134
-83.94176527475375
-50.80607768107896
-73.28459364009022
-55.55755647978092
-82.02112778918625
-54.192831770091956
-50.547410423937094
-68.11866022960389
-61.310071097902615
-74.91661964615392
-93.43690528619686
-87.37721379766498
-95.28987234212848
-79.9516316198153
-106.06891461051781
-31.9143709255061
-68.61510510978393
-73.75669364910543
-77.53711314573182
-65.95038302916703
-85.01698493388308
-99.26339776274365
-112.25859500359111
-65.26777133881644
-56.127874977782724
-83.04681176122973
-80.03514711727958
-103.05281920624115
-70.6423310775481
-50.418746546355486
-74.8323215636161
-95.12231386165719
-90.0249538256646
-89.448599086671
-46.69219446751796
-127.13043176651004
-79.28005360665819
-59.22418221975035
-91.73969812481019
-71.75387572631128
-67.56424501548638
-54.3790114495145
-43.53666938381182
-63.87891185575738
-29.672178615443432
-61.75689163120443
-75.02414070425009
-73.69993626294429
-63.65701241590558
-58.2487020964693
-41.102877176561336
-76.34937219981897
-69.99175606125733
-82.00605175671846
-53.490924188575114
-69.4604997021845
-91.1722644020395
-63.497929615221835
-74.44065455810271
-112.97777273175964
-58.94674674003589
-62.505343785085664
-56.93553404733313
-111.94193333162903
-59.338911403919575
-113.28364517780791
-41.68572852157782
-135.56769050186736
-50.24182017252424
-96.155831948342
-92.15392350383057
-51.62443008437316
-46.8493876668847
-28.687078701219455
-65.13564692216255
-54.85051640989035
-43.39755636914616
-92.51433846499597
-82.84698306752458
-20.367303764239118
-89.7257063125758
-115.22709379514465
-75.99298680669922
-61.62277552483462
-55.3339975784408
-69.74286501189634
-124.28337944904666
-43.84532805592096
-62.0597326140091
-73.15635060976817
-59.42731504268743
-43.8519969362356
-67.92110935440444
-65.62834088609553
-37.59417416635305
-56.12829947560819
-79.70437196434952
-45.43035022376492
-61.71656298652516
-56.430618673484545
-55.71570816254026
-44.008266469960994
-42.724980642844194
-74.23997287115341
-179.89420522042332
-80.32894262406064
-79.9374764118484
-34.50869612616874
-84.48996728615467
-92.47729678245176
-44.659285739631564
-84.77147302828737
-39.36243414502015
-47.821817304715815
-92.0295127597845
-78.54282630594228
-87.43505169293421
-56.94050092980721
-50.62272467803123
-113.45819045794126
-50.312395074058465
-63.81963850886092
-65.34180497034092
-99.47838792155618
-61.053329294679614
-42.14851254288779
-54.51485041880967
-83.05483194172628
-92.39343574283114
-81.09251947257654
-41.804643778481996
-132.74206914801513
-80.24393404076717
-47.60625728851553
-95.62802265158969
-89.14569165774067
-74.526183456564
-65.43302367260945
-16.55461465727777
-40.06645752028362
-50.3216118661024
-80.34628766912539
-97.44159043328439
-46.21219428880739
-66.877834455593
-68.61923904095222
-33.358678695326546
-94.14412288866684
-56.4272890586881
-49.79669807730658
-67.74660363790927
-70.01686166998319
-35.65570484685079
-64.4218769441419
-36.45707002035569
-56.956251886259096
-37.2683452439039
-71.66826253487223
-56.716811855097525
-69.54998680005076
-63.84462895379149
-101.26951012950944
-42.79638613218025
-24.745677091909528
-83.74414768580985
-61.037144164978564
-64.20766319198749
-42.28583701408154
-76.46390385492712
-72.16983654714592
-145.12222740507315
-76.95156407736054
-100.00236775107655
-79.73935486073606
-68.62290318501327
-176.91193526067306
-57.74199926285477
-45.20288994428785
-79.29318371782594
-48.80050208270803
-58.32724880459236
-73.50699597232479
-51.87578077844834
-57.80817832334864
-94.62320639342774
-92.65641003136972
-93.91490698768368
-57.78049679771268
-61.18412582669754
-62.76787708217486
-56.299928956656096
-43.89787065142653
-92.97097727606065
-86.24365386026838
-35.99229953705663
-46.43584424220809
-85.8554027238228
-67.71624682638044
-50.93970390498123
-57.41810405849043
-56.15297635211235
-119.86650650919161
-78.600374321562
-45.374337468659604
-69.74141747329588
-91.61619056426059
-31.3222648202648
-38.566104881997624
-47.096878970482805
-62.02801599551132
-65.56918054850956
-108.61425977333926
-72.3134024379566
-75.23539850076213
-96.5285030471489
-89.90675841360478
-43.66623374624224
-34.5268334426235
-55.21250146239249
-90.27069767232855
-75.33028762049143
-54.03270055636258
-43.02373362075103
-66.93460354291174
-30.007349026124793
-79.86978600043827
-68.56617637606011
-58.24975342820769
-79.95467231792111
-99.60398560919057
-84.14280593060921
-64.95085305077272
-33.285732501354985
-40.93587515099749
-60.241921673787076
-56.594012846702086
-31.27397198496891
-57.04482609584149
-85.42654750455664
-46.74838204393785
-75.24241186962249
-92.81995203371746
-105.97721345877368
-63.34982777038507
-92.73210459919298
-57.03772172706864
-38.27865497986815
-73.64280186444877
-92.98934457201847
-71.12762175015185
-92.70863790452015
-52.24115779312942
-57.45897467262672
-41.77794252358188
-88.42329833050611
-104.52960700016727
-29.091784919581777
-81.13978482067567
-68.71566111105105
-83.06179395211926
-41.75397438012598
-94.43386564803924
-36.468404480838245
-59.71873503045873
-67.66405640179686
-40.73619939399322
-47.4086284401873
-90.17975052259288
-65.04755826958724
-68.16842399655333
-65.52518947106873
-104.90717104488292
-76.25155470947661
-43.931780298865
-39.36312993366116
-84.06144400853971
-94.66604108032708
-81.03926579741038
-74.65723319046037
-67.1466639941289
-62.623797680482014
-86.02875291461503
-71.24868625451248
-98.24771732010564
-40.22953710186348
-56.81327201652335
-66.63696560723778
-61.09841114475985
-34.417793602670876
-70.01889485694262
-72.16080135379596
-127.55805881491254
-65.64185585855903
-49.430661075472045
-111.47950962034326
-62.033165004898386
-43.56860672708362
-60.536514033927
-119.51438742476348
-65.13257579311173
-39.41524646644953
-49.130844351214
-73.53255135035593
-35.97269165973095
-49.6992978013641
-70.45163590569385
-48.50106144938479
-59.34408233069197
-48.96017332949338
-42.73784889193746
-43.26360361140164
-52.86123234765118
-48.49954329576627
-61.93156041197447
-47.10064201630404
-45.38985372506265
-51.74150724619968
-30.120971118215586
-85.95934706775311
-118.08196999138134
-29.983855379959248
-65.03507669620753
-33.27025594888675
-118.9955933538653
-45.09955514654429
-64.92177961091517
-63.66075212752276
-48.749113066387814
-82.01391924149685
-102.46587175173387
-52.729180371411545
-28.96548195533108
-56.129356309766784
-40.404436843720845
-48.93358178942948
-46.20955742896348
-20.560283760365913
-82.50553209859385
-53.03178076354589
-76.75891472311895
-35.903155218165466
-57.39385569303756
-37.16847455680675
-57.85939118916286
-75.45318219251122
-27.99009115611963
-54.23348656651183
-60.42807408349709
-62.57100375598191
-52.112313118667345
-86.04716495901695
-123.89444674700144
-136.3072423176621
-48.454479800680176
-68.18912262290098
-67.94791906735117
-38.451879764486534
-104.47881888883583
-53.895391215657945
-66.70733380881728
-46.01716615353562
-65.25049494167516
-75.24212064042332
-39.84754750656301
-67.62532177567508
-64.53844297231095
-54.0976254038473
-41.93875908285088
-17.053080750009805
-92.13765687605283
-67.75836220829457
-62.981430543287715
-61.029924491639406
-41.036874600343026
-51.43116676513593
-104.93581548595242
-109.03191302351878
-42.846820545688864
-108.05894486273499
-42.131266669774426
-97.07210672554177
-127.59875074737577
-90.96100369322161
-56.24115965096617
-101.4208591671679
-65.85100359230475
-36.442242366038
-73.3198583224952
-77.97984849622271
-55.69857585808651
-66.80506744497444
-74.74799050386194
-62.43878356200198
-40.31621475060334
-76.62041506530652
-93.87554249574654
-56.540598305049045
-49.73458483095335
-113.14986074494281
-73.78095756384951
-64.32542261307157
-61.46244385486319
-47.08303734458357
-36.4774376828914
-35.6949120305881
-89.85110761355756
-58.29602849979759
-52.44729185222338
-23.008937157745688
-73.57416476646496
-18.596276130596184
-24.305058216986737
-35.50450115805144
-49.424319138271485
-43.62042366779514
-50.16765797356196
-63.72189408785493
-44.98812999249243
-32.18427914149102
-71.74374224400161
-80.67760578153492
-80.12918602595265
-27.520686558144764
-49.23608195118982
-65.31080653243994
-90.37904102421294
-34.646437471535066
-27.820967803430904
-74.83202792815729
-48.25280543490755
-57.201894969446464
-45.89841635132636
-58.1891578507608
-39.83857590511283
-48.50805164368546
-78.121031480373
-65.2344882036345
-43.576282350519385
-54.96822951376201
-43.20533254841648
-80.16209996852422
-66.75178030484904
-70.3424336256552
-65.00731258647339
-74.35995710954093
-61.25245596603872
-117.50110606533362
-56.944388143010656
-59.1134480441071
-57.747806720356444
-57.257622497555126
-70.74906929328912
-56.938293650460196
-45.42367241785354
-60.446016698858216
-84.42750929970902
-33.902408914319636
-134.05001417818582
-35.52262352639068
-32.60110960751269
-41.309742272453576
-43.3928207405952
-62.94026838906629
-83.8210062708078
-59.34206317492948
-73.22611953814474
-35.60199659201658
-35.317622571479255
-46.29748551338999
-90.65069354898031
-51.22965460859014
-129.8575222484371
-87.00451903010533
-68.85736638799352
-65.25316019499367
-26.304261761218573
-61.72756241861783
-39.07469506357222
-18.180564714708712
-60.47102279490863
-23.074136302809315
-28.381515126307683
-33.4789777210443
-17.359268761648508
-79.35105286257885
-60.04656048649424
-98.67716742084554
-55.53547952031978
-103.77559553715194
-61.54242642055799
-74.91581235765258
-45.453314275612
-39.84992501447537
-31.05132568943367
-126.3715955514795
-48.22512428574525
-44.80536956150777
-73.55033567416437
-103.37729090075261
-72.69426154966365
-22.311194852607365
-104.44905914627435
-111.66756268469526
-35.77911593755465
-97.19019349185089
-47.00619432727327
-23.90815090734561
-105.0547766048859
-32.3824850495336
-22.710742777235193
-49.55963149731734
-43.51125629813851
-58.73753170334273
-33.92198091955424
-26.664480542835285
-40.45120096533284
-46.91106153147997
-96.27390286449398
-37.38094160990488
-44.496987735353265
-74.01228604740034
-96.44483407415511
-99.18996772975697
-34.00209654153523
-26.97448569689938
-45.0898190089169
-75.05343410641649
-67.71795173118949
-46.733112864099986
-66.19399598553017
-115.17784459593119
-48.80523509346371
-23.198258809929595
-87.74609091010127
-66.52221665649108
-71.2213874296557
-36.37017378000058
-91.08733851643258
-98.4663957549124
-40.73572198718971
-27.85675216702096
-81.02942433838842
-17.699440579373984
-59.95103048432756
-46.52115111388027
-45.75624691105254
-84.0559978347549
-91.76565459556393
-86.98693758439299
-29.0251902056492
-98.45564607934608
-46.89451235873454
-41.809346782126354
-36.3984318748555
-41.1451264796509
-19.119505790992136
-63.46767785285398
-103.28489977502153
-55.484692480620524
-33.31393130719347
-52.001973039089215
-17.022105247440734
-85.61252821121269
-30.526526001977327
-43.45561502364922
-103.08909945206629
-81.03422361362196
-42.157366859286
-26.76139958572466
-25.883822414946845
-85.45302313527367
-27.332120824800107
-28.291839869520565
-57.18352854508564
-79.80941354790156
-78.47362968157076
-46.514239651250136
-111.45586559962197
-41.070685203935255
-38.301327944419434
-53.7017109856133
-91.15328890257969
-41.91532090450324
-68.25853941539933
-38.433652982938185
-44.59910862376872
-81.3476169295224
-36.22584060830161
-53.04297353979125
-33.57008041222953
-19.95072858289726
-90.6711885159457
-50.961561318008236
-95.97879471663903
-72.42554039418201
-43.43275944841682
-36.0905480984293
-28.212102473228818
-42.700984803434345
-28.720898376754064
-78.59312559490469
-25.273905598187913
-26.684940529215478
-17.495622870312687
-101.07429089147529
-34.72742110766849
-48.37093465814229
-77.0506749832261
-31.792714122475026
-51.94184008226884
-39.7264593735676
-45.80378203242269
-22.09669189581989
-56.81594257488876
-63.27146433803201
-63.63983058734522
-43.96232528356055
-47.19143582348239
-57.9723537235025
-78.79512001649863
-40.450368573908804
-60.96705331519719
-45.59779331142956
-76.05110997235133
-42.284265853344
-30.67563292026057
-57.45521628678314
-27.78140308631806
-55.9040366098837
-40.71341412514078
-74.85368856134473
-26.696269436495037
-35.78614181470686
-54.38353424299246
-76.37603698511744
-99.34066735213239
-41.60747334274434
-105.09157277518732
-66.05282834623218
-22.00518046023425
-22.47753598842644
-23.692103833149904
-76.90986218276704
-57.64979297323307
-40.55243390113456
-129.49816401005822
-44.434943193138174
-61.811357799490416
-53.00888909527361
-38.90609074910162
-45.248665912181124
-34.410413786807645
-30.0925239995532
-23.81653303571061
-103.58053701962909
-23.566304763075664
-25.593954577810766
-55.60679601300074
-36.351850260005136
-36.9916407215206
-30.008812016864926
-16.184170455815863
-39.838296093813355
-57.854433028787234
-34.35260905338453
-50.8615580657024
-21.445968435680882
-30.739718965625514
-19.511335178493006
-36.39656041563728
-23.175495099608543
-54.73096892770895
-25.419178257426662
-10.863149471237534
-30.57792883812713
-51.11467669498532
-57.204376055537494
-47.94076475157735
-49.40083431601956
-64.68299985271508
-58.79382091606392
-34.16353453706395
-25.08973338594819
-42.714432848143105
-50.08269472023257
-40.55362208076071
-45.38224546170436
-60.60779225813407
-25.88627368190057
-34.122606379548884
-23.715819983871686
-38.82724330852357
-62.260649440641664
-44.3309901244152
-56.546712067719376
-33.56599472778359
-27.915010924232543
-101.37563872246697
-24.2772428270638
-29.20829479234802
-45.723103759287525
-118.76986408718746
-54.41344922524334
-44.537520031995264
-62.327760953524816
-25.350190939352956
-30.35685835036711
-85.24699278821036
-24.998201945052426
-52.04891545446695
-33.30351344114721
-33.56944208273771
-49.23355614603566
-22.881058060128204
-36.863065030547915
-10.487825571197195
-52.34903279063019
-55.7453571347568
-56.673249880278384
-46.0099097903167
-40.008737429719766
-47.84110726909857
-45.597870575203046
-42.00633076911115
-35.13421641750504
-39.430940479805
-47.98755868693359
-70.84238552274483
-94.43417316060619
-33.1317248774092
-27.282512848117136
-38.05017894163061
-52.485381669286966
-35.741060609263656
-69.84066089458793
-23.0025237592479
-17.984414039295974
-46.13097458416746
-72.84233754420163
-90.6503698823538
-37.12398075991909
-44.31201183889132
-22.199872496281305
-34.32763677527036
-66.25091808861099
-35.91942560307602
-16.999126492571428
-34.55833624207038
-66.41315791933539
-33.471349543081956
-87.36150279504871
-47.61873315657671
-26.184638840113998
-9.150160047060718
-19.47206982424609
-18.087391223439845
-29.75752853321365
-25.381973117888535
-60.71181712625767
-18.70498066263134
-65.14757900586926
-13.755245700100508
-99.05985439412026
-23.829638197216514
-37.928598378899004
-26.808229750573986
-18.84566820779075
-44.6595853117272
-25.594617483947488
-39.18980327546385
-22.71553801263156
-27.16720514747681
-28.13847540526151
-35.618020201688864
-43.94301423973007
-22.989668591814787
-39.68369468190976
-16.370852177340524
-60.015165771676855
-14.528497845112069
-59.704305957974725
-69.05569716567975
-64.53477792830815
-40.378643609920346
-53.336299626070335
-30.3612210690598
-54.33378095326769
-59.01951108262087
-57.58372352880435
-13.46790699648356
-11.150111412590036
-15.933617887524647
-68.53258194058101
-23.011310163061225
-29.11474886573661
-30.954296512246145
-23.98542000703059
-44.227274752560774
-20.725076320252732
-37.69293572935086
-49.035297302141636
-74.49872446848545
-5.930064587267468
-28.426426889328628
-38.68278631308666
-79.41536036988286
-29.57909443351116
-56.47990216901403
-42.5537559700436
-119.20819749414215
-22.221602106557082
-43.27958928200195
-39.4797069783153
-64.91465149612223
-22.96281091365215
-94.74040327209293
-70.92106065321182
-43.025230919182874
-50.21844865088975
-232.3658005998043
-27.014872542379457
-50.96081471074737
-93.45809592252263
-18.76018333737817
-30.42757771098082
-91.76209515317666
-18.059766773926487
-14.065811069362866
-18.85388457938636
-28.188996115670765
-68.74430358271981
-21.50802828409699
-22.1139290101779
-20.607875915941186
-61.70079868312604
-88.99007816830525
-27.68034585714581
-18.38978257423835
-49.211010595679724
-33.23306569684581
-55.13884622943092
-73.96004626433583
-19.283733858685256
-43.01549951953306
-16.968278849678885
-15.90812705927083
-32.22769650247426
-68.23293566685919
-133.28467865505678
-65.84647708925428
-24.861232590779704
-24.794511791136514
-41.10340901379379
-26.571618322934786
-181.53957877889957
-40.91742125171228
-14.270325938209126
-21.559910927056393
-29.512714940911884
-21.101268959509706
-66.5825485022868
-23.863689623106453
-40.0221846965607
-34.81331969525136
-27.640537696105678
-25.8336435977768
-64.50582210034167
-66.57084642739791
-31.336958098926225
-29.14461352620787
-29.825214725576984
-20.321052984875045
-25.99633538797795
-50.32154870900245
-26.501531710188377
-22.302063981148045
-35.072719580009434
-105.57731227664524
-53.14445913460275
-53.05323163419585
-31.21371098368756
-45.935162077682534
-33.84619937859215
-26.528835471050417
-59.81719039496455
-19.229018486785684
-47.530705454405044
-50.88532103449696
-20.537614753633342
-46.422603897596915
-9.345357613877693
-41.75608567335801
-108.0956524874444
-21.91505148939773
-24.6780516833172
-33.99194544639106
-66.56795400708907
-43.39765127049968
-15.574503563194623
-14.212834473945943
-35.071630257354016
-59.14714784817447
-112.56733768875456
-37.16098437068967
-19.271105066524385
-63.21990507192155
-13.666433087927166
-21.03945190743025
-25.2190149345798
-32.13989237670936
-19.67899879613467
-38.05577284708714
-19.6602559957517
-28.217281135140396
-35.91041874075525
-25.63502221624486
-12.29765101109518
-75.76830471537201
-13.473697198605848
-18.088242127885756
-50.844020198853514
-19.943690652737892
-19.906270029635703
-62.105279737339764
-69.74334735747233
-28.621691430307976
-63.920284327577214
-161.59691696083473
-32.735988701436696
-66.20775614040501
-48.34957825429386
-17.777183457475534
-79.95459360191852
-28.871263108433364
-22.773454603845252
-84.99968929569285
-102.35252709177037
-50.46478434389195
-21.75219808209787
-17.763671811925402
-138.89515667356568
-18.97998233490664
-15.7948561508351
-73.50057222753732
-21.200367442231947
-54.45072884719224
-83.65894361862395
-19.17586520878105
-31.514305798599537
-49.023964510441516
-9.767448546108154
-32.01027307309246
-34.81900508070149
-13.94913349123099
-15.885558872584035
-39.70421411687908
-25.15299918387935
-63.063653595948324
-100.9542346936496
-38.534538840882504
-12.180455170914442
-16.80420190078889
-48.1581604416215
-21.903856785952726
-17.646273751717036
-20.338124595900695
-19.93350047339621
-60.026435481070045
-14.720696343637615
-57.14855117406631
-81.99751694953794
-62.7146023831645
-22.592486015503003
-35.952822503873875
-20.565860328847563
-53.67244645636573
-17.31808331521695
-43.24803065977909
-27.218885376013482
-48.73507486985717
-9.173145964175331
-21.398928460736876
-38.437023744539815
-19.335429168191407
-43.06947791325498
-54.91142047813118
-60.74093412821006
-27.482581106961874
-12.757648152685615
-47.425342876622636
-30.578154237019383
-31.41117926379595
-121.75614945493095
-94.93159943954085
-33.93629921836773
-16.485605129369276
-59.85810665243544
-48.06429910297932
-16.5905123567498
-8.630155036591285
-19.367093009327316
-12.96650322331728
-33.37569724675422
-98.36856605996803
-37.83658893434522
-11.464935049113507
-38.450106805120804
-49.24859488677264
-45.38189980738502
-44.60472771262555
-14.133998009448453
-22.18185599045826
-29.431970044036582
-27.26665800691594
-57.40339313835261
-56.93207612954754
-71.5991492682721
-18.104602325661627
-8.14071748455787
-215.03196347673895
-38.61046682492524
-18.430693822695616
-22.788865323996788
-16.775922397950563
-34.252133283683676
-74.54743500854012
-76.51452769603549
-24.70279625424391
-47.231198329817154
-18.403060438894524
-33.75496659284249
-54.55020672634796
-58.34514111578622
-42.901986008533406
-11.054569159182972
-7.707984154383132
-32.486880557649336
-14.844784534790985
-7.165980546130375
-98.01073568846088
-44.60611601521373
-14.73747066283232
-21.89880474171396
-10.181745263216845
-14.067566452476566
-17.311964381731805
-60.97692342052139
-39.71510875767599
-10.257611844017825
-29.60603651723336
-35.09081741975584
-16.768380521596498
-11.175324329181237
-9.856754633461216
-12.958423330578437
-49.3769030773288
-39.46060824898176
-47.312162950533384
-7.229316549014425
-14.95932610343926
-48.439029407951175
-58.00777026473824
-79.92142219423661
-75.06855860867158
-87.33025514947832
-23.629880334677242
-75.00269126371212
-16.623122423939524
-18.954433319223206
-41.23034888622643
-71.2640089656296
-23.159132638656523
-10.989091278087457
-35.52779543124939
-35.191139886246695
-12.704987429440006
-30.20018892224788
-15.306466552741252
-12.46285298504146
-35.73654730178384
-23.10380382806607
-27.242876540475358
-20.986971750511156
-8.78887852136619
-70.77969188118284
-13.673142518133503
-23.19520242970566
-17.119756967095757
-10.723667985923955
-29.967553325644218
-6.042262700732374
-8.975257858476063
-32.01194414920292
-21.544182988884618
-19.405330409947407
-37.04646115545079
-14.916037554810435
-39.08893575268351
-12.076697588184363
-19.08913784068933
-40.571007232460076
-28.69686647457113
-50.23365874309535
-95.33486361896223
-26.82136396214864
-21.715032686307307
-20.481333592603196
-22.450979798074496
-35.03728715843053
-28.13096461881238
-21.513590487636186
-40.25607562135965
-17.665586922280344
-78.00285638832061
-37.97107738834924
-26.180654258730826
-27.810022871965707
-15.618197455743399
-15.550955565626627
-22.781252722522133
-4.442778861713882
-14.256564352464803
-21.66357305612028
-63.535849541121316
-14.587091933115223
-14.838078418542333
-21.703996499625045
-16.724189419017296
-26.09405052196884
-24.553295555191085
-29.485217341739656
-26.169621816619923
-37.628256759529414
-14.594617329778426
-13.70210437155995
-82.64900828111423
-11.74698433013653
-22.033859589174785
-38.01048224949176
-44.535935453898006
-20.37426123653937
-57.34725029465949
-47.70202107068205
-19.907560386422134
-8.560619554061605
-30.408745971348818
-22.91238916540908
-18.65437804626468
-35.72464179606945
-34.811197600789725
-38.51532166451041
-30.509036531193185
-17.25576247111624
-29.51132119444039
-71.54461266891644
-24.81929912164598
-22.584051592194683
-14.37415413309286
-7.642878860849892
-60.02165406325737
-9.02489163054091
-20.418326230691818
-105.59980111784041
-13.932476977850106
-35.48609538162852
-33.235255993731734
-28.317600394041467
-15.435179093578085
-34.16117065980473
-7.245786908993781
-54.586788662223
-12.57207766260204
-39.41000835442784
-15.418199747417983
-13.778960498559533
-14.675607684265003
-35.63781768927139
-61.72935371630958
-21.196616153879997
-20.02317025227041
-42.799822639413854
-33.59870523229933
-41.840005883311726
-60.12883265571811
-8.86809467768064
-19.72198863520926
-16.022976928283175
-5.854086261655046
-8.658264236350515
-10.511037962043394
-20.236227195802346
-10.139195565726856
-21.931376250351367
-24.889019785579947
-74.22540676461422
-27.29199857367494
-6.449167485332548
-16.376420413585468
-15.451129147425673
-91.94918733040143
-13.770843962905586
-5.4305166977996295
-17.14984248822818
-58.192412124211266
-24.103959776222055
-13.329133617148097
-7.356451286550446
-42.56906910414888
-7.656094260978106
-15.311727841034397
-24.96080937341172
-13.640881026859962
-17.40030436692872
-13.474987708956947
-33.160801290955135
-22.272546312650352
-17.580184291013133
-17.667738920672825
-21.489433263281345
-11.616596635275993
-38.453804969969205
-15.038096927098147
-51.708423462606824
-35.993660351971215
-28.610911907640112
-19.34891759394367
-13.157433504916943
-9.681537648718292
-4.711706821039515
-13.157253976028056
-5.053248559081728
-20.303172657845742
-10.847220150284814
-29.613098167596274
-19.19069046883792
-94.54770937290004
-29.221274108150432
-70.36231965124078
-13.742697310470882
-12.266679711857835
-77.41855486176634
-11.689401269888394
-33.25737592558297
-22.902014272150613
-18.448074157851163
-44.05421958792356
-15.446355417028315
-6.84242016001072
-12.667101886398168
-4.63587820617682
-33.21165076592217
-13.0513365915137
-20.656097221774814
-19.207183128833446
-62.96863965379832
-23.568530584818962
-16.589454776921556
-4.45177473315295
-14.982419277727251
-72.5966988309424
-13.023391436994027
-36.8071084545966
-10.561049121096614
-13.057610063192529
-8.527239560440874
-17.40163382783985
-7.78982764271961
-16.29132928118673
-93.88027066687583
-12.560541835092941
-24.00402871081754
-5.876926461088384
-42.33984455640651
-13.073773238612477
-61.70698259423827
-8.695322155647343
-10.777575549168251
-5.341373545325823
-103.4400881982407
-12.651772317430007
-6.957936773426796
-10.262211347375393
-4.216096968906916
-11.287958242483255
-14.690769898084392
-12.748498125195256
-5.5265583505579015
-6.728274046752386
-5.6363043674238975
-11.001616005630888
-4.625379328636556
-6.919510858546702
-18.520769041425964
-7.418747439673686
-15.494502189321876
-27.10913376305339
-17.141612646538945
-28.386623498301017
-70.38569376380974
-11.040794473447649
-32.71464344736199
-13.334643487028433
-5.290899187733151
-18.839476153743927
-24.289045107934967
-19.80911051930581
-9.853217179093951
-13.960822720008212
-33.67311096195751
-20.644636056049915
-13.266458932659837
-20.16783593056283
-36.869862937243894
-18.376953991195485
-20.10234704329738
-19.672443365810683
-7.973189222588378
-40.228170217282546
-28.459312672978683
-12.732610429486936
-67.97520388799049
-10.349124199718013
-20.334659061394916
-17.037122135675194
-8.686005689287274
-21.109846097843338
-19.216932866751677
-25.336124343774063
-18.225579217394078
-23.436028032844998
-15.72963708099716
-59.847568842741
-46.68791987452933
-11.535649220162817
-34.56175681865226
-28.43149712245937
-7.336280924960776
-7.821200797767367
-16.38190033934884
-5.906120505424477
-14.306575157889789
-12.590660607341846
-26.066171202795232
-3.968766338931597
-47.251981091990274
-10.78793620232044
-9.493849770438876
-22.984648279214586
-15.985733214023478
-7.410785178558921
-17.70501609776033
-18.334150865090944
-5.138720533681138
-14.238769872241692
-12.390288003160602
-8.760396546475036
-9.208161762549286
-61.881135028938004
-40.77428065986345
-5.669682196089943
-9.125897276401043
-29.935922796670024
-22.619914534488718
-24.253116146014296
-16.367196608570943
-9.448688604210787
-14.600818825443426
-12.044613422876212
-16.786873206241104
-5.851543093655093
-20.05629683412446
-26.978150728147984
-9.67195382464207
-3.6428481941119126
-6.847923032557442
-8.06097440816937
-44.13373810154051
-12.053717258781157
-7.660239266742493
-4.754409943007714
-3.5629218838726047
-4.264218849408296
-19.232107036113312
-3.3428976820334197
-8.33209283180897
-92.86627595364695
-10.729654183034821
-7.225495119516628
-6.9702008527597235
-13.570218937960789
-101.51990239392417
-10.356554533353153
-8.464367022038429
-7.895928968787993
-44.87268366208083
-21.04047596098717
-14.986946832394105
-63.87627486302592
-51.41919525469737
-9.020560273509624
-50.080418184900516
-27.495687998341488
-3.2420894452148215
-11.689092455716128
-5.074839237492711
-14.118402769752166
-19.75429570577288
-9.955424563303179
-21.516295959170154
-14.107344223408246
-11.242861955870683
-14.481940849860438
-11.08344532801982
-38.94521575809376
-15.288553972978379
-5.864333916951621
-5.245431512285142
-16.403293472969324
-24.684891189970408
-11.449235504904419
-21.58407804169824
-32.96415239630433
-16.08351025122591
-68.16454041813152
-5.930467225141792
-17.954780526756615
-9.805407232191788
-9.591933303362651
-12.660938065414108
-49.15097306738765
-14.357394323256658
-62.36771603225086
-19.894309940688498
-24.708303664029714
-10.987276860253807
-25.827682861300932
-12.407949870722483
-19.82445263508432
-16.870505518735676
-41.529363732652406
-16.14738593222162
-13.224220881070256
-14.905587448450337
-12.184711499411664
-70.33745237249853
-10.609938374698869
-69.2474230575968
-33.79763216224877
-5.465315999737499
-98.17257186360975
-11.248196094011826
-25.236135162604704
-44.022553272271594
-9.565460151974102
-18.639478638907427
-6.527380587776753
-17.644081179652048
-6.053059990600385
-29.9186132830214
-74.51372932060062
-8.343842819584975
-64.16642124677031
-18.205043385482718
-4.216958955482691
-9.41088513066877
-44.488001592596866
-6.938838048014716
-5.64637228533753
-6.0573571088452365
-21.901768599871467
-19.58970044701261
-8.559399607806952
-14.997401943149837
-84.35660089387682
-38.395097031924095
-28.35634763257818
-15.76510854537361
-9.46226272359449
-52.02696971695353
-9.452667330432462
-16.686930932282678
-21.431296061270835
-39.60408468416972
-6.065555165479276
-10.779990507063985
-9.264497907658422
-8.644711697757083
-8.76109260044306
-7.8975540218989915
-4.34644282797761
-15.223348686847187
-35.43269325940562
-1.625972506176386
-7.928052934334269
-12.851284457589887
-26.280141078500296
-5.637638158683055
-28.658876788714718
-9.054453290134578
-18.133267889141813
-138.15746864554708
-9.06383484054394
-20.110848065921928
-6.629238758837937
-11.85723335292268
-28.29511067702462
-9.255218602918418
-17.18530043018345
-68.98348407108101
-12.350379408237506
-6.548819790055328
-3.071121546678276
-6.519819970276689
-14.465516777194063
-3.0507891629701342
-91.00560731078386
-4.837499928102143
-6.886716217915711
-5.030895104892153
-5.335723519704647
-13.258802552461358
-39.54338435902454
-18.32903072961389
-5.483241872258308
-4.915330851007165
-10.281026127155956
-9.603702154787296
-12.406275002846845
-40.2927306958135
-9.13075211377034
-7.427702419073006
-22.47193749767905
-8.520952299542673
-10.389689893985881
-2.329424307821949
-8.153840182814431
-7.99420222164622
-7.159845421654477
-5.667628797660622
-48.446309610573834
-4.526759510267555
-8.070699543642565
-31.335480117345785
-12.718403739681865
-8.056971075512038
-50.54667499417723
-5.729559417073022
-7.390473120528186
-13.126510691282732
-22.292688843328502
-4.762499493548206
-8.662808892529336
-9.292856516028616
-9.160271708281558
-18.353279901374894
-13.69227858025324
-36.301328593904714
-8.755020062470983
-22.205607666116766
-6.463102536158074
-13.518183250399241
-8.47590413873416
-7.030505555880977
-7.730252218242001
-5.7199656245235175
-11.002250074011899
-2.126167387521817
-81.71837763349203
-6.935835953817952
-4.53641933668695
-9.968169094182617
-47.5592032937936
-4.246739759778298
-62.05446239880887
-8.259871444121053
-12.389290571626935
-37.813472052352935
-17.724769022316636
-11.283374858615053
-11.989178927123053
-2.541538279536756
-5.449704204604438
-50.338211163766054
-4.235284678562464
-38.19996393524786
-10.034402975613224
-11.647826269463753
-6.238720077080319
-15.153881695322886
-102.06287581790124
-13.950714552701562
-4.554506722892493
-9.453768009519122
-3.5445184939609784
-2.539328091677043
-14.049410267456485
-3.8293016645900386
-14.855771713464843
-6.042882874917802
-15.548233595183957
-12.08717033137571
-7.9087300117581885
-3.8330166040913167
-7.010013405807349
-8.138884587759517
-3.0379757613708396
-6.341094777453399
-4.93209737677601
-5.450151204026858
-59.99018298704576
-7.220486889624264
-6.15687466100994
-14.953705918379296
-8.445242910574063
-11.135646369538744
-4.459854891568431
-11.429706145933526
-6.254877052081248
-15.957524265313117
-26.648256111874673
-4.82919663998725
-13.039520914411867
-5.134074516222248
-5.51055369171384
-10.612807358918852
-77.5252950824599
-4.944643155562451
-34.82774146215459
-5.130033028257991
-4.329976164387497
-5.768426085795906
-25.514597517495005
-3.7278940203086948
-27.15639146691929
-5.83508029815687
-2.8445354520783193
-6.023094609277522
-34.5770255515022
-3.835245019566643
-56.5946937243813
-59.366490476865216
-9.549856340290251
-10.17088394340298
-150.49260950931927
-8.565645279216016
-7.046783493725694
-19.921129641695458
-12.936212248279588
-8.064223049396773
-15.59890384863763
-7.415997836953065
-32.94059041318744
-5.0400781145562705
-2.768764174197938
-12.583716521606247
-6.609027554116913
-5.942160228380862
-13.172241363461929
-14.06586845472012
-5.242749709974873
-2.3388435464419923
-4.931857177712408
-18.39707156678463
-13.293515273854942
-13.956956569534539
-12.761905673316225
-4.3399941949297025
-5.0452734242611665
-8.748712477657605
-48.70343509773897
-3.775919637033906
-88.61635422624519
-16.03696140694926
-14.578453730344998
-17.715655467317657
-4.536582629181984
-11.788152552259952
-2.2302000515747564
-4.567855847148766
-6.852565878051267
